-1,-1,te2YqukufzTjkmUhIIh9uTgVaJI=,nbh557mmIHw8Q1+UF++U416aVbw=
